Map from character to field name
A:	
B:	AUSNZ
C:	CAR
D:	CAm
E:	EAf
F:	EAs
G:	EU
H:	MAf
I:	MEL
J:	MIC
K:	NAm
L:	POLY
M:	SAf
N:	SAm
O:	SAs
P:	SEAs
Q:	WAf
R:	WAs
S:	?


Substitution rate (mu): 53.738247

Equilibrium frequencies (pi_i):
  A: 0.0545
  B: 0.0575
  C: 0.0467
  D: 0.0645
  E: 0.0624
  F: 0.0468
  G: 0.0608
  H: 0.051
  I: 0.0557
  J: 0.0602
  K: 0.0541
  L: 0.0561
  M: 0.0586
  N: 0.0568
  O: 0.0308
  P: 0.0567
  Q: 0.0678
  R: 0.059

Symmetrized rates from j->i (W_ij):
	A	B	C	D	E	F	G	H	I	J	K	L	M	N	O	P	Q	R
  A	0	0.698	0.9941	0.7094	1.7668	0.6986	0.6979	0.7102	0.698	0.7019	0.7287	1.0497	0.7661	2.0826	1.3044	0.8522	0.984	0.6979
  B	0.698	0	0.6944	0.6949	0.6951	0.6978	0.6983	0.7082	0.6987	0.6986	0.6955	0.6986	0.6992	0.6889	1.0395	1.04	0.7144	0.6987
  C	0.9941	0.6944	0	6.9624	0.6912	0.6947	0.6938	0.704	0.6946	0.6941	14.0709	0.7019	0.6948	6.4976	0.6918	0.7726	0.7082	0.6942
  D	0.7094	0.6949	6.9624	0	0.6904	0.6946	0.6941	0.7039	0.695	0.6946	2.7254	0.695	0.6952	1.9289	0.69	0.727	0.7096	0.6947
  E	1.7668	0.6951	0.6912	0.6904	0	0.6961	1.836	1.2383	0.6952	0.6947	1.0393	0.6951	1.0676	0.685	2.421	0.6977	0.8494	0.695
  F	0.6986	0.6978	0.6947	0.6946	0.6961	0	0.6976	0.723	0.698	0.6977	0.6978	0.6978	0.6991	0.6901	4.6897	7.5025	0.716	0.6977
  G	0.6979	0.6983	0.6938	0.6941	1.836	0.6976	0	1.0636	0.6983	0.6982	0.6949	0.6982	0.6993	0.688	1.3861	1.391	0.7174	0.6982
  H	0.7102	0.7082	0.704	0.7039	1.2383	0.723	1.0636	0	0.7089	0.7083	1.0555	0.7076	1.0571	1.0446	0.9292	0.9402	0.7568	0.7071
  I	0.698	0.6987	0.6946	0.695	0.6952	0.698	0.6983	0.7089	0	0.6987	0.6956	0.6986	0.6993	0.6892	0.693	1.3849	0.7143	0.6987
  J	0.7019	0.6986	0.6941	0.6946	0.6947	0.6977	0.6982	0.7083	0.6987	0	0.6952	1.0518	0.6991	0.6884	0.6924	1.0442	0.7148	0.6986
  K	0.7287	0.6955	14.0709	2.7254	1.0393	0.6978	0.6949	1.0555	0.6956	0.6952	0	0.6956	0.6961	3.2134	1.2027	1.5856	0.7113	0.6953
  L	1.0497	0.6986	0.7019	0.695	0.6951	0.6978	0.6982	0.7076	0.6986	1.0518	0.6956	0	0.6991	1.0287	0.6929	1.0363	0.7137	0.6986
  M	0.7661	0.6992	0.6948	0.6952	1.0676	0.6991	0.6993	1.0571	0.6993	0.6991	0.6961	0.6991	0	0.6894	0.7144	0.7039	0.7176	0.6991
  N	2.0826	0.6889	6.4976	1.9289	0.685	0.6901	0.688	1.0446	0.6892	0.6884	3.2134	1.0287	0.6894	0	0.6882	0.9425	0.7036	0.6886
  O	1.3044	1.0395	0.6918	0.69	2.421	4.6897	1.3861	0.9292	0.693	0.6924	1.2027	0.6929	0.7144	0.6882	0	7.0275	0.7242	1.0388
  P	0.8522	1.04	0.7726	0.727	0.6977	7.5025	1.391	0.9402	1.3849	1.0442	1.5856	1.0363	0.7039	0.9425	7.0275	0	0.7195	0.6938
  Q	0.984	0.7144	0.7082	0.7096	0.8494	0.716	0.7174	0.7568	0.7143	0.7148	0.7113	0.7137	0.7176	0.7036	0.7242	0.7195	0	0.7141
  R	0.6979	0.6987	0.6942	0.6947	0.695	0.6977	0.6982	0.7071	0.6987	0.6986	0.6953	0.6986	0.6991	0.6886	1.0388	0.6938	0.7141	0

Actual rates from j->i (Q_ij):
	A	B	C	D	E	F	G	H	I	J	K	L	M	N	O	P	Q	R
  A	0	0.0381	0.0542	0.0387	0.0964	0.0381	0.0381	0.0387	0.0381	0.0383	0.0397	0.0573	0.0418	0.1136	0.0712	0.0465	0.0537	0.0381
  B	0.0401	0	0.0399	0.04	0.04	0.0401	0.0401	0.0407	0.0402	0.0402	0.04	0.0402	0.0402	0.0396	0.0598	0.0598	0.0411	0.0402
  C	0.0465	0.0325	0	0.3254	0.0323	0.0325	0.0324	0.0329	0.0325	0.0324	0.6576	0.0328	0.0325	0.3036	0.0323	0.0361	0.0331	0.0324
  D	0.0458	0.0448	0.4493	0	0.0446	0.0448	0.0448	0.0454	0.0449	0.0448	0.1759	0.0448	0.0449	0.1245	0.0445	0.0469	0.0458	0.0448
  E	0.1103	0.0434	0.0431	0.0431	0	0.0434	0.1146	0.0773	0.0434	0.0434	0.0649	0.0434	0.0666	0.0427	0.1511	0.0435	0.053	0.0434
  F	0.0327	0.0327	0.0325	0.0325	0.0326	0	0.0327	0.0339	0.0327	0.0327	0.0327	0.0327	0.0327	0.0323	0.2196	0.3513	0.0335	0.0327
  G	0.0424	0.0424	0.0422	0.0422	0.1115	0.0424	0	0.0646	0.0424	0.0424	0.0422	0.0424	0.0425	0.0418	0.0842	0.0845	0.0436	0.0424
  H	0.0362	0.0361	0.0359	0.0359	0.0632	0.0369	0.0542	0	0.0362	0.0361	0.0538	0.0361	0.0539	0.0533	0.0474	0.0479	0.0386	0.0361
  I	0.0389	0.0389	0.0387	0.0387	0.0387	0.0389	0.0389	0.0395	0	0.0389	0.0388	0.0389	0.039	0.0384	0.0386	0.0772	0.0398	0.0389
  J	0.0422	0.042	0.0418	0.0418	0.0418	0.042	0.042	0.0426	0.042	0	0.0418	0.0633	0.0421	0.0414	0.0417	0.0628	0.043	0.042
  K	0.0394	0.0376	0.7608	0.1474	0.0562	0.0377	0.0376	0.0571	0.0376	0.0376	0	0.0376	0.0376	0.1738	0.065	0.0857	0.0385	0.0376
  L	0.0589	0.0392	0.0394	0.039	0.039	0.0391	0.0391	0.0397	0.0392	0.059	0.039	0	0.0392	0.0577	0.0389	0.0581	0.04	0.0392
  M	0.0449	0.041	0.0407	0.0408	0.0626	0.041	0.041	0.062	0.041	0.041	0.0408	0.041	0	0.0404	0.0419	0.0413	0.0421	0.041
  N	0.1184	0.0392	0.3693	0.1096	0.0389	0.0392	0.0391	0.0594	0.0392	0.0391	0.1826	0.0585	0.0392	0	0.0391	0.0536	0.04	0.0391
  O	0.0402	0.032	0.0213	0.0212	0.0745	0.1444	0.0427	0.0286	0.0213	0.0213	0.037	0.0213	0.022	0.0212	0	0.2164	0.0223	0.032
  P	0.0483	0.059	0.0438	0.0412	0.0396	0.4254	0.0789	0.0533	0.0785	0.0592	0.0899	0.0588	0.0399	0.0534	0.3985	0	0.0408	0.0393
  Q	0.0667	0.0484	0.048	0.0481	0.0576	0.0485	0.0486	0.0513	0.0484	0.0484	0.0482	0.0484	0.0486	0.0477	0.0491	0.0488	0	0.0484
  R	0.0412	0.0412	0.0409	0.041	0.041	0.0411	0.0412	0.0417	0.0412	0.0412	0.041	0.0412	0.0412	0.0406	0.0612	0.0409	0.0421	0
